  0.05240000  1.69800000  1.18500000 -2.06300000
 -0.00188600 -0.02846000 -0.02812000 -0.00619000
 -0.00004009  0.00684600 -0.03071000  0.04697000
  0.00000485 -0.00037770  0.00164900 -0.00227800
  1.018       0.8789     -0.0736     -0.299
  0.001432   -0.02274     0.2280     -0.1841
  0.0004199   0.0000723  -0.001305   -0.002658
  0.001180    0.1465      4.006      -3.356
  0.001650   -0.07655     0.3985     -0.2848
 -0.00007765  0.002322   -0.01327     0.00662
  0.9975     -0.01015    -0.009316    0.001187
  0.0001041   0.01452    -0.05034     0.02961
 -0.0000137  -0.001039    0.002712   -0.001391
