  0.3259      -2.473      0.7646     1.896
  0.4267       4.371     -5.071      2.175
 -0.01986     -0.2343     0.2609    -0.1087
  0.0002744    0.003197  -0.003185   0.001148
  1.032        0.5265     0.8126    -0.02090
  0.006165     0.02236   -0.1238     0.09853
  0.0001427   -0.001125	  0.003527  -0.003041
  0.1119       3.492      3.178     -1.336
 -0.003757    -0.2802    -0.2330     0.1112
 -0.000024     0.004204   0.004134  -0.002416
  1.090       -0.9214     1.736     -0.9377
 -0.01780      0.1068    -0.1735     0.08922
 -0.0002202    0.0007189 -0.001738   0.0009935
