  0.04859       1.297       1.999    -2.929
 -0.002956      0.1011     -0.4549    0.6837
  0.0001740    -0.01920	    0.04560  -0.06177
 -0.000005056   0.0006122  -0.001356  0.001697
  0.9935        0.5806      0.6504   -0.5160
  0.01533       0.004891    0.3805   -0.4807
  0.0005178    -0.002282   -0.01354   0.01716
  0.02402      -0.6305     10.34     -7.518
  0.001653     -0.1619      0.9379   -0.9771
 -0.0002763     0.01173    -0.09015   0.08243
  0.9873       -0.06974     0.1679   -0.1115
  0.005560      0.04986    -0.1645    0.1086
 -0.000529     -0.004927    0.01478  -0.009365
