  0.2483      3.469      -6.370       3.788
  0.004144   -0.01439     0.1747      0.1295
 -0.001545   -0.02326     0.05292    -0.06936
  0.00004758  0.0009211  -0.002951    0.002905
  1.0139      0.3641      0.4205      0.6450
  0.004860    0.01486     0.1895     -0.2435
 -0.0001499   0.001598   -0.01693     0.01654
  0.02436     0.8602      4.949      -1.5043
 -0.001319    0.07212     0.05622    -0.2940
  0.00001318 -0.006545   -0.02384     0.02556
  0.9743      0.02500    -0.007456   -0.008501
  0.01172    -0.07927     0.1179     -0.04903
 -0.001151    0.004171   -0.003846    0.0006862
