  0.4629      3.2277   -8.3043    6.112
  0.00378    -0.1122    0.9452   -0.7858
 -0.000945    0.00682  -0.0507    0.0399
  0.0000173  -0.000143  0.000798 -0.000592
  1.0370      0.2936    1.2434   -0.2639
  0.002237    0.05320  -0.1490    0.09126
  0.00000585 -0.00138   0.00293  -0.00160
  0.0402      0.8951    2.3449   -1.0413
  0.00111     0.0569   -0.2058    0.1062
 -0.0000456  -0.00255   0.00389  -0.00201
  0.9713      0.1725   -0.4710    0.3086
  0.00595    -0.0995    0.2258   -0.1325
 -0.000382    0.00356  -0.00725   0.00408
