  0.2929     3.381      -4.620      2.067
 -0.01265    0.1995     -1.287      1.304
  0.001222  -0.03455     0.1818    -0.1624
 -0.0000437  0.001026   -0.00546    0.004533
  1.0166     0.6206     -0.7519     1.493
  0.002259  -0.06280     0.4363    -0.3795
 -0.0000423  0.004027   -0.02061    0.01564
  0.008892   0.8146      0.5967     0.5884
  0.0007914 -0.04329     0.4235    -0.3595
 -0.0000576  0.002299   -0.02054    0.01433
  0.9922    -0.08531     0.2423    -0.1572
  0.001304  -0.007104   -0.02293   0.02548
 -0.0000917 -0.0009716   0.004021 -0.002807
